14:16:6 10.1 12.2 14.6 24.2 33.3 0.5 
14:16:6 10.1 12.2 14.6 24.2 33.3 0.5 
14:16:7 10.1 12.2 14.6 24.2 33.3 0.5 
14:16:7 10.1 12.2 14.6 24.2 33.3 0.5 
14:16:8 10.1 12.2 14.6 24.2 33.3 0.5 
14:16:8 10.1 12.2 14.6 24.2 33.3 0.5 
14:16:9 10.1 12.2 14.6 24.2 33.3 0.5 
14:16:10 10.1 12.2 14.6 24.2 33.3 0.5 
14:16:11 10.1 12.2 14.6 24.2 33.3 0.5 
14:16:12 10.1 12.2 14.6 24.2 33.3 0.5 
14:16:13 10.1 12.2 14.6 24.2 33.3 0.5 
14:16:14 10.1 12.2 14.6 24.2 33.3 0.5 
14:16:15 10.1 12.2 14.6 24.2 33.3 0.5 
14:16:16 10.1 12.2 14.6 24.2 33.3 0.5 
14:16:17 10.1 12.2 14.6 24.2 33.3 0.5 
14:16:18 10.1 12.2 14.6 24.2 33.3 0.5 
14:16:19 10.1 12.2 14.6 24.2 33.3 0.5 
14:16:20 10.1 12.2 14.6 24.2 33.3 0.5 
14:16:21 10.1 12.2 14.6 24.2 33.3 0.5 
14:16:22 10.1 12.2 14.6 24.2 33.3 0.5 
14:16:23 10.1 12.2 14.6 24.2 33.3 0.5 
14:16:25 10.1 12.2 14.6 24.2 33.3 0.5 
14:16:27 10.1 12.2 14.6 24.2 33.3 0.5 
14:16:29 10.1 12.2 14.6 24.2 33.3 0.5 
14:16:30 10.1 12.2 14.6 24.2 33.3 0.5 
14:16:32 10.1 12.2 14.6 24.2 33.3 0.5 
14:16:34 10.1 12.2 14.6 24.2 33.3 0.5 
14:16:36 10.1 12.2 14.6 24.2 33.3 0.5 
14:16:38 10.1 12.2 14.6 24.2 33.3 0.5 
14:16:40 10.1 12.2 14.6 24.2 33.3 0.5 
14:16:41 10.1 12.2 14.6 24.2 33.3 0.5 
14:16:43 10.1 12.2 14.6 24.2 33.3 0.5 
14:16:45 10.1 12.2 14.6 24.2 33.3 0.5 
14:16:47 10.1 12.2 14.6 24.2 33.3 0.5 
14:16:49 10.1 12.2 14.6 24.2 33.3 0.5 
14:16:51 10.1 12.2 14.6 24.2 33.3 0.5 
14:16:53 10.1 12.2 14.6 24.2 33.3 0.5 
14:16:55 10.1 12.2 14.6 24.2 33.3 0.5 
14:16:58 10.1 12.2 14.6 24.2 33.3 0.5 
14:17:0 10.1 12.2 14.6 24.2 33.3 0.5 
14:17:2 10.1 12.2 14.6 24.2 33.3 0.5 
14:17:4 10.1 12.2 14.6 24.2 33.3 0.5 
14:17:7 10.1 12.2 14.6 24.2 33.3 0.5 
14:17:9 10.1 12.2 14.6 24.2 33.3 0.5 
14:17:11 10.1 12.2 14.6 24.2 33.3 0.5 
14:17:13 10.1 12.2 14.6 24.2 33.3 0.5 
14:17:16 10.1 12.2 14.6 24.2 33.3 0.5 
14:17:18 10.1 12.2 14.6 24.2 33.3 0.5 
14:17:21 10.1 12.2 14.6 24.2 33.3 0.5 
14:17:23 10.1 12.2 14.6 24.2 33.3 0.5 
14:17:25 10.1 12.2 14.6 24.2 33.3 0.5 
14:17:27 10.1 12.2 14.6 24.2 33.3 0.5 
14:17:30 10.1 12.2 14.6 24.2 33.3 0.5 
14:17:32 10.1 12.2 14.6 24.2 33.3 0.5 
14:17:35 10.1 12.2 14.6 24.2 33.3 0.5 
14:17:37 10.1 12.2 14.6 24.2 33.3 0.5 
14:17:40 10.1 12.2 14.6 24.2 33.3 0.5 
14:17:42 10.1 12.2 14.6 24.2 33.3 0.5 
14:17:45 10.1 12.2 14.6 24.2 33.3 0.5 
14:17:48 10.1 12.2 14.6 24.2 33.3 0.5 
14:17:50 10.1 12.2 14.6 24.2 33.3 0.5 
14:17:53 10.1 12.2 14.6 24.2 33.3 0.5 
14:17:55 10.1 12.2 14.6 24.2 33.3 0.5 
14:17:58 10.1 12.2 14.6 24.2 33.3 0.5 
14:18:1 10.1 12.2 14.6 24.2 33.3 0.5 
14:18:3 10.1 12.2 14.6 24.2 33.3 0.5 
14:18:6 10.1 12.2 14.6 24.2 33.3 0.5 
14:18:9 10.1 12.2 14.6 24.2 33.3 0.5 
14:18:12 10.1 12.2 14.6 24.2 33.3 0.5 
14:18:15 10.1 12.2 14.6 24.2 33.3 0.5 
14:18:18 10.1 12.2 14.6 24.2 33.3 0.5 
14:18:21 10.1 12.2 14.6 24.2 33.3 0.5 
14:18:25 10.1 12.2 14.6 24.2 33.3 0.5 
14:18:28 10.1 12.2 14.6 24.2 33.3 0.5 
14:18:31 10.1 12.2 14.6 24.2 33.3 0.5 
14:18:34 10.1 12.2 14.6 24.2 33.3 0.5 
14:18:36 10.1 12.2 14.6 24.2 33.3 0.5 
14:18:41 10.1 12.2 14.6 24.2 33.3 0.5 
14:18:44 10.1 12.2 14.6 24.2 33.3 0.5 
14:18:47 10.1 12.2 14.6 24.2 33.3 0.5 
14:18:50 10.1 12.2 14.6 24.2 33.3 0.5 
14:18:52 10.1 12.2 14.6 24.2 33.3 0.5 
14:18:52 10.1 12.2 14.6 24.2 33.3 0.5 
