13:8:52 10.1 12.2 14.6 24.2 33.3 0.5 
13:8:53 10.1 12.2 14.6 24.2 33.3 0.5 
13:8:54 10.1 12.2 14.6 24.2 33.3 0.5 
13:8:55 10.1 12.2 14.6 24.2 33.3 0.5 
13:8:56 10.1 12.2 14.6 24.2 33.3 0.5 
13:8:57 10.1 12.2 14.6 24.2 33.3 0.5 
13:8:58 10.1 12.2 14.6 24.2 33.3 0.5 
13:8:59 10.1 12.2 14.6 24.2 33.3 0.5 
13:9:0 10.1 12.2 14.6 24.2 33.3 0.5 
13:9:1 10.1 12.2 14.6 24.2 33.3 0.5 
13:9:2 10.1 12.2 14.6 24.2 33.3 0.5 
13:9:3 10.1 12.2 14.6 24.2 33.3 0.5 
13:9:4 10.1 12.2 14.6 24.2 33.3 0.5 
13:9:5 10.1 12.2 14.6 24.2 33.3 0.5 
13:9:6 10.1 12.2 14.6 24.2 33.3 0.5 
13:9:7 10.1 12.2 14.6 24.2 33.3 0.5 
13:9:8 10.1 12.2 14.6 24.2 33.3 0.5 
13:9:10 10.1 12.2 14.6 24.2 33.3 0.5 
13:9:11 10.1 12.2 14.6 24.2 33.3 0.5 
13:9:12 10.1 12.2 14.6 24.2 33.3 0.5 
