13:52:10 10.1 12.2 14.6 24.2 33.3 0.5 
13:52:11 10.1 12.2 14.6 24.2 33.3 0.5 
13:52:12 10.1 12.2 14.6 24.2 33.3 0.5 
13:52:14 10.1 12.2 14.6 24.2 33.3 0.5 
13:52:15 10.1 12.2 14.6 24.2 33.3 0.5 
13:52:16 10.1 12.2 14.6 24.2 33.3 0.5 
13:52:17 10.1 12.2 14.6 24.2 33.3 0.5 
13:52:18 10.1 12.2 14.6 24.2 33.3 0.5 
13:52:19 10.1 12.2 14.6 24.2 33.3 0.5 
13:52:20 10.1 12.2 14.6 24.2 33.3 0.5 
13:52:21 10.1 12.2 14.6 24.2 33.3 0.5 
13:52:22 10.1 12.2 14.6 24.2 33.3 0.5 
13:52:23 10.1 12.2 14.6 24.2 33.3 0.5 
13:52:24 10.1 12.2 14.6 24.2 33.3 0.5 
13:52:25 10.1 12.2 14.6 24.2 33.3 0.5 
13:52:26 10.1 12.2 14.6 24.2 33.3 0.5 
13:52:27 10.1 12.2 14.6 24.2 33.3 0.5 
13:52:28 10.1 12.2 14.6 24.2 33.3 0.5 
13:52:29 10.1 12.2 14.6 24.2 33.3 0.5 
13:52:30 10.1 12.2 14.6 24.2 33.3 0.5 
13:52:31 10.1 12.2 14.6 24.2 33.3 0.5 
13:52:32 10.1 12.2 14.6 24.2 33.3 0.5 
13:52:33 10.1 12.2 14.6 24.2 33.3 0.5 
13:52:34 10.1 12.2 14.6 24.2 33.3 0.5 
13:52:35 10.1 12.2 14.6 24.2 33.3 0.5 
13:52:36 10.1 12.2 14.6 24.2 33.3 0.5 
13:52:37 10.1 12.2 14.6 24.2 33.3 0.5 
13:52:38 10.1 12.2 14.6 24.2 33.3 0.5 
13:52:39 10.1 12.2 14.6 24.2 33.3 0.5 
13:52:40 10.1 12.2 14.6 24.2 33.3 0.5 
13:52:41 10.1 12.2 14.6 24.2 33.3 0.5 
13:52:42 10.1 12.2 14.6 24.2 33.3 0.5 
13:52:43 10.1 12.2 14.6 24.2 33.3 0.5 
13:52:44 10.1 12.2 14.6 24.2 33.3 0.5 
13:52:45 10.1 12.2 14.6 24.2 33.3 0.5 
13:52:46 10.1 12.2 14.6 24.2 33.3 0.5 
13:52:47 10.1 12.2 14.6 24.2 33.3 0.5 
13:52:48 10.1 12.2 14.6 24.2 33.3 0.5 
13:52:49 10.1 12.2 14.6 24.2 33.3 0.5 
13:52:50 10.1 12.2 14.6 24.2 33.3 0.5 
13:52:51 10.1 12.2 14.6 24.2 33.3 0.5 
13:52:52 10.1 12.2 14.6 24.2 33.3 0.5 
13:52:53 10.1 12.2 14.6 24.2 33.3 0.5 
13:52:54 10.1 12.2 14.6 24.2 33.3 0.5 
13:52:55 10.1 12.2 14.6 24.2 33.3 0.5 
13:52:57 10.1 12.2 14.6 24.2 33.3 0.5 
13:52:58 10.1 12.2 14.6 24.2 33.3 0.5 
13:52:59 10.1 12.2 14.6 24.2 33.3 0.5 
13:53:0 10.1 12.2 14.6 24.2 33.3 0.5 
13:53:1 10.1 12.2 14.6 24.2 33.3 0.5 
13:53:2 10.1 12.2 14.6 24.2 33.3 0.5 
13:53:3 10.1 12.2 14.6 24.2 33.3 0.5 
13:53:4 10.1 12.2 14.6 24.2 33.3 0.5 
13:53:5 10.1 12.2 14.6 24.2 33.3 0.5 
13:53:6 10.1 12.2 14.6 24.2 33.3 0.5 
13:53:7 10.1 12.2 14.6 24.2 33.3 0.5 
13:53:8 10.1 12.2 14.6 24.2 33.3 0.5 
13:53:9 10.1 12.2 14.6 24.2 33.3 0.5 
13:53:10 10.1 12.2 14.6 24.2 33.3 0.5 
13:53:11 10.1 12.2 14.6 24.2 33.3 0.5 
13:53:12 10.1 12.2 14.6 24.2 33.3 0.5 
13:53:13 10.1 12.2 14.6 24.2 33.3 0.5 
13:53:14 10.1 12.2 14.6 24.2 33.3 0.5 
13:53:15 10.1 12.2 14.6 24.2 33.3 0.5 
13:53:16 10.1 12.2 14.6 24.2 33.3 0.5 
13:53:17 10.1 12.2 14.6 24.2 33.3 0.5 
13:53:18 10.1 12.2 14.6 24.2 33.3 0.5 
13:53:19 10.1 12.2 14.6 24.2 33.3 0.5 
13:53:20 10.1 12.2 14.6 24.2 33.3 0.5 
13:53:21 10.1 12.2 14.6 24.2 33.3 0.5 
13:53:22 10.1 12.2 14.6 24.2 33.3 0.5 
13:53:23 10.1 12.2 14.6 24.2 33.3 0.5 
13:53:24 10.1 12.2 14.6 24.2 33.3 0.5 
