13:11:41 10.1 12.2 14.6 24.2 33.3 0.5 
13:11:42 10.1 12.2 14.6 24.2 33.3 0.5 
13:11:43 10.1 12.2 14.6 24.2 33.3 0.5 
13:11:44 10.1 12.2 14.6 24.2 33.3 0.5 
13:11:45 10.1 12.2 14.6 24.2 33.3 0.5 
13:11:46 10.1 12.2 14.6 24.2 33.3 0.5 
13:11:47 10.1 12.2 14.6 24.2 33.3 0.5 
13:11:48 10.1 12.2 14.6 24.2 33.3 0.5 
13:11:49 10.1 12.2 14.6 24.2 33.3 0.5 
13:11:50 10.1 12.2 14.6 24.2 33.3 0.5 
13:11:51 10.1 12.2 14.6 24.2 33.3 0.5 
13:11:52 10.1 12.2 14.6 24.2 33.3 0.5 
13:11:53 10.1 12.2 14.6 24.2 33.3 0.5 
13:11:54 10.1 12.2 14.6 24.2 33.3 0.5 
13:11:55 10.1 12.2 14.6 24.2 33.3 0.5 
13:11:56 10.1 12.2 14.6 24.2 33.3 0.5 
13:11:57 10.1 12.2 14.6 24.2 33.3 0.5 
13:11:58 10.1 12.2 14.6 24.2 33.3 0.5 
13:11:59 10.1 12.2 14.6 24.2 33.3 0.5 
13:12:0 10.1 12.2 14.6 24.2 33.3 0.5 
13:12:1 10.1 12.2 14.6 24.2 33.3 0.5 
13:12:2 10.1 12.2 14.6 24.2 33.3 0.5 
