13:6:14 10.1 12.2 14.6 24.2 33.3 0.5 
13:6:15 10.1 12.2 14.6 24.2 33.3 0.5 
13:6:16 10.1 12.2 14.6 24.2 33.3 0.5 
13:6:17 10.1 12.2 14.6 24.2 33.3 0.5 
13:6:18 10.1 12.2 14.6 24.2 33.3 0.5 
13:6:19 10.1 12.2 14.6 24.2 33.3 0.5 
13:6:20 10.1 12.2 14.6 24.2 33.3 0.5 
13:6:21 10.1 12.2 14.6 24.2 33.3 0.5 
13:6:22 10.1 12.2 14.6 24.2 33.3 0.5 
13:6:23 10.1 12.2 14.6 24.2 33.3 0.5 
13:6:24 10.1 12.2 14.6 24.2 33.3 0.5 
13:6:25 10.1 12.2 14.6 24.2 33.3 0.5 
13:6:26 10.1 12.2 14.6 24.2 33.3 0.5 
13:6:27 10.1 12.2 14.6 24.2 33.3 0.5 
13:6:28 10.1 12.2 14.6 24.2 33.3 0.5 
13:6:29 10.1 12.2 14.6 24.2 33.3 0.5 
13:6:30 10.1 12.2 14.6 24.2 33.3 0.5 
