13:55:2 10.1 12.2 14.6 24.2 33.3 0.5 
13:55:3 10.1 12.2 14.6 24.2 33.3 0.5 
13:55:4 10.1 12.2 14.6 24.2 33.3 0.5 
13:55:5 10.1 12.2 14.6 24.2 33.3 0.5 
13:55:6 10.1 12.2 14.6 24.2 33.3 0.5 
13:55:7 10.1 12.2 14.6 24.2 33.3 0.5 
13:55:8 10.1 12.2 14.6 24.2 33.3 0.5 
13:55:9 10.1 12.2 14.6 24.2 33.3 0.5 
13:55:10 10.1 12.2 14.6 24.2 33.3 0.5 
13:55:11 10.1 12.2 14.6 24.2 33.3 0.5 
13:55:12 10.1 12.2 14.6 24.2 33.3 0.5 
13:55:13 10.1 12.2 14.6 24.2 33.3 0.5 
13:55:14 10.1 12.2 14.6 24.2 33.3 0.5 
13:55:15 10.1 12.2 14.6 24.2 33.3 0.5 
13:55:16 10.1 12.2 14.6 24.2 33.3 0.5 
13:55:17 10.1 12.2 14.6 24.2 33.3 0.5 
13:55:19 10.1 12.2 14.6 24.2 33.3 0.5 
13:55:20 10.1 12.2 14.6 24.2 33.3 0.5 
13:55:21 10.1 12.2 14.6 24.2 33.3 0.5 
13:55:22 10.1 12.2 14.6 24.2 33.3 0.5 
13:55:23 10.1 12.2 14.6 24.2 33.3 0.5 
13:55:24 10.1 12.2 14.6 24.2 33.3 0.5 
13:55:25 10.1 12.2 14.6 24.2 33.3 0.5 
13:55:26 10.1 12.2 14.6 24.2 33.3 0.5 
13:55:27 10.1 12.2 14.6 24.2 33.3 0.5 
13:55:28 10.1 12.2 14.6 24.2 33.3 0.5 
13:55:29 10.1 12.2 14.6 24.2 33.3 0.5 
13:55:30 10.1 12.2 14.6 24.2 33.3 0.5 
13:55:31 10.1 12.2 14.6 24.2 33.3 0.5 
13:55:32 10.1 12.2 14.6 24.2 33.3 0.5 
13:55:33 10.1 12.2 14.6 24.2 33.3 0.5 
13:55:34 10.1 12.2 14.6 24.2 33.3 0.5 
13:55:35 10.1 12.2 14.6 24.2 33.3 0.5 
13:55:36 10.1 12.2 14.6 24.2 33.3 0.5 
13:55:37 10.1 12.2 14.6 24.2 33.3 0.5 
13:55:38 10.1 12.2 14.6 24.2 33.3 0.5 
13:55:39 10.1 12.2 14.6 24.2 33.3 0.5 
13:55:40 10.1 12.2 14.6 24.2 33.3 0.5 
13:55:41 10.1 12.2 14.6 24.2 33.3 0.5 
13:55:42 10.1 12.2 14.6 24.2 33.3 0.5 
13:55:43 10.1 12.2 14.6 24.2 33.3 0.5 
13:55:44 10.1 12.2 14.6 24.2 33.3 0.5 
13:55:45 10.1 12.2 14.6 24.2 33.3 0.5 
13:55:46 10.1 12.2 14.6 24.2 33.3 0.5 
13:55:47 10.1 12.2 14.6 24.2 33.3 0.5 
13:55:48 10.1 12.2 14.6 24.2 33.3 0.5 
13:55:49 10.1 12.2 14.6 24.2 33.3 0.5 
13:55:50 10.1 12.2 14.6 24.2 33.3 0.5 
13:55:51 10.1 12.2 14.6 24.2 33.3 0.5 
13:55:52 10.1 12.2 14.6 24.2 33.3 0.5 
13:55:54 10.1 12.2 14.6 24.2 33.3 0.5 
13:55:55 10.1 12.2 14.6 24.2 33.3 0.5 
13:55:56 10.1 12.2 14.6 24.2 33.3 0.5 
13:55:57 10.1 12.2 14.6 24.2 33.3 0.5 
13:55:58 10.1 12.2 14.6 24.2 33.3 0.5 
13:55:59 10.1 12.2 14.6 24.2 33.3 0.5 
13:56:0 10.1 12.2 14.6 24.2 33.3 0.5 
13:56:1 10.1 12.2 14.6 24.2 33.3 0.5 
13:56:2 10.1 12.2 14.6 24.2 33.3 0.5 
13:56:3 10.1 12.2 14.6 24.2 33.3 0.5 
13:56:4 10.1 12.2 14.6 24.2 33.3 0.5 
13:56:5 10.1 12.2 14.6 24.2 33.3 0.5 
13:56:6 10.1 12.2 14.6 24.2 33.3 0.5 
13:56:7 10.1 12.2 14.6 24.2 33.3 0.5 
13:56:8 10.1 12.2 14.6 24.2 33.3 0.5 
13:56:9 10.1 12.2 14.6 24.2 33.3 0.5 
13:56:10 10.1 12.2 14.6 24.2 33.3 0.5 
13:56:11 10.1 12.2 14.6 24.2 33.3 0.5 
13:56:12 10.1 12.2 14.6 24.2 33.3 0.5 
13:56:13 10.1 12.2 14.6 24.2 33.3 0.5 
13:56:14 10.1 12.2 14.6 24.2 33.3 0.5 
13:56:15 10.1 12.2 14.6 24.2 33.3 0.5 
13:56:16 10.1 12.2 14.6 24.2 33.3 0.5 
13:56:17 10.1 12.2 14.6 24.2 33.3 0.5 
13:56:18 10.1 12.2 14.6 24.2 33.3 0.5 
13:56:19 10.1 12.2 14.6 24.2 33.3 0.5 
13:56:20 10.1 12.2 14.6 24.2 33.3 0.5 
13:56:22 10.1 12.2 14.6 24.2 33.3 0.5 
13:56:23 10.1 12.2 14.6 24.2 33.3 0.5 
13:56:24 10.1 12.2 14.6 24.2 33.3 0.5 
13:56:25 10.1 12.2 14.6 24.2 33.3 0.5 
13:56:26 10.1 12.2 14.6 24.2 33.3 0.5 
13:56:27 10.1 12.2 14.6 24.2 33.3 0.5 
13:56:28 10.1 12.2 14.6 24.2 33.3 0.5 
13:56:29 10.1 12.2 14.6 24.2 33.3 0.5 
13:56:30 10.1 12.2 14.6 24.2 33.3 0.5 
13:56:31 10.1 12.2 14.6 24.2 33.3 0.5 
13:56:32 10.1 12.2 14.6 24.2 33.3 0.5 
13:56:33 10.1 12.2 14.6 24.2 33.3 0.5 
13:56:34 10.1 12.2 14.6 24.2 33.3 0.5 
13:56:35 10.1 12.2 14.6 24.2 33.3 0.5 
13:56:36 10.1 12.2 14.6 24.2 33.3 0.5 
13:56:37 10.1 12.2 14.6 24.2 33.3 0.5 
13:56:38 10.1 12.2 14.6 24.2 33.3 0.5 
13:56:39 10.1 12.2 14.6 24.2 33.3 0.5 
13:56:40 10.1 12.2 14.6 24.2 33.3 0.5 
13:56:41 10.1 12.2 14.6 24.2 33.3 0.5 
13:56:42 10.1 12.2 14.6 24.2 33.3 0.5 
13:56:43 10.1 12.2 14.6 24.2 33.3 0.5 
13:56:45 10.1 12.2 14.6 24.2 33.3 0.5 
13:56:46 10.1 12.2 14.6 24.2 33.3 0.5 
13:56:47 10.1 12.2 14.6 24.2 33.3 0.5 
13:56:48 10.1 12.2 14.6 24.2 33.3 0.5 
13:56:49 10.1 12.2 14.6 24.2 33.3 0.5 
13:56:50 10.1 12.2 14.6 24.2 33.3 0.5 
13:56:51 10.1 12.2 14.6 24.2 33.3 0.5 
13:56:52 10.1 12.2 14.6 24.2 33.3 0.5 
13:56:53 10.1 12.2 14.6 24.2 33.3 0.5 
13:56:54 10.1 12.2 14.6 24.2 33.3 0.5 
13:56:55 10.1 12.2 14.6 24.2 33.3 0.5 
13:56:56 10.1 12.2 14.6 24.2 33.3 0.5 
13:56:57 10.1 12.2 14.6 24.2 33.3 0.5 
13:56:58 10.1 12.2 14.6 24.2 33.3 0.5 
13:56:59 10.1 12.2 14.6 24.2 33.3 0.5 
13:57:0 10.1 12.2 14.6 24.2 33.3 0.5 
13:57:1 10.1 12.2 14.6 24.2 33.3 0.5 
13:57:2 10.1 12.2 14.6 24.2 33.3 0.5 
13:57:3 10.1 12.2 14.6 24.2 33.3 0.5 
13:57:4 10.1 12.2 14.6 24.2 33.3 0.5 
13:57:6 10.1 12.2 14.6 24.2 33.3 0.5 
13:57:7 10.1 12.2 14.6 24.2 33.3 0.5 
13:57:8 10.1 12.2 14.6 24.2 33.3 0.5 
13:57:9 10.1 12.2 14.6 24.2 33.3 0.5 
13:57:10 10.1 12.2 14.6 24.2 33.3 0.5 
13:57:11 10.1 12.2 14.6 24.2 33.3 0.5 
13:57:12 10.1 12.2 14.6 24.2 33.3 0.5 
13:57:13 10.1 12.2 14.6 24.2 33.3 0.5 
13:57:14 10.1 12.2 14.6 24.2 33.3 0.5 
13:57:15 10.1 12.2 14.6 24.2 33.3 0.5 
13:57:16 10.1 12.2 14.6 24.2 33.3 0.5 
13:57:17 10.1 12.2 14.6 24.2 33.3 0.5 
13:57:18 10.1 12.2 14.6 24.2 33.3 0.5 
13:57:19 10.1 12.2 14.6 24.2 33.3 0.5 
13:57:20 10.1 12.2 14.6 24.2 33.3 0.5 
13:57:21 10.1 12.2 14.6 24.2 33.3 0.5 
13:57:22 10.1 12.2 14.6 24.2 33.3 0.5 
13:57:24 10.1 12.2 14.6 24.2 33.3 0.5 
13:57:25 10.1 12.2 14.6 24.2 33.3 0.5 
13:57:26 10.1 12.2 14.6 24.2 33.3 0.5 
13:57:27 10.1 12.2 14.6 24.2 33.3 0.5 
13:57:28 10.1 12.2 14.6 24.2 33.3 0.5 
13:57:29 10.1 12.2 14.6 24.2 33.3 0.5 
13:57:30 10.1 12.2 14.6 24.2 33.3 0.5 
13:57:31 10.1 12.2 14.6 24.2 33.3 0.5 
13:57:32 10.1 12.2 14.6 24.2 33.3 0.5 
13:57:33 10.1 12.2 14.6 24.2 33.3 0.5 
13:57:34 10.1 12.2 14.6 24.2 33.3 0.5 
13:57:35 10.1 12.2 14.6 24.2 33.3 0.5 
13:57:36 10.1 12.2 14.6 24.2 33.3 0.5 
13:57:37 10.1 12.2 14.6 24.2 33.3 0.5 
13:57:38 10.1 12.2 14.6 24.2 33.3 0.5 
13:57:39 10.1 12.2 14.6 24.2 33.3 0.5 
13:57:41 10.1 12.2 14.6 24.2 33.3 0.5 
13:57:42 10.1 12.2 14.6 24.2 33.3 0.5 
13:57:43 10.1 12.2 14.6 24.2 33.3 0.5 
13:57:44 10.1 12.2 14.6 24.2 33.3 0.5 
13:57:45 10.1 12.2 14.6 24.2 33.3 0.5 
13:57:46 10.1 12.2 14.6 24.2 33.3 0.5 
13:57:47 10.1 12.2 14.6 24.2 33.3 0.5 
13:57:48 10.1 12.2 14.6 24.2 33.3 0.5 
13:57:49 10.1 12.2 14.6 24.2 33.3 0.5 
13:57:50 10.1 12.2 14.6 24.2 33.3 0.5 
13:57:51 10.1 12.2 14.6 24.2 33.3 0.5 
13:57:52 10.1 12.2 14.6 24.2 33.3 0.5 
13:57:53 10.1 12.2 14.6 24.2 33.3 0.5 
13:57:54 10.1 12.2 14.6 24.2 33.3 0.5 
13:57:55 10.1 12.2 14.6 24.2 33.3 0.5 
13:57:57 10.1 12.2 14.6 24.2 33.3 0.5 
13:57:58 10.1 12.2 14.6 24.2 33.3 0.5 
13:57:59 10.1 12.2 14.6 24.2 33.3 0.5 
13:58:0 10.1 12.2 14.6 24.2 33.3 0.5 
13:58:1 10.1 12.2 14.6 24.2 33.3 0.5 
13:58:2 10.1 12.2 14.6 24.2 33.3 0.5 
13:58:3 10.1 12.2 14.6 24.2 33.3 0.5 
13:58:4 10.1 12.2 14.6 24.2 33.3 0.5 
13:58:5 10.1 12.2 14.6 24.2 33.3 0.5 
13:58:6 10.1 12.2 14.6 24.2 33.3 0.5 
13:58:7 10.1 12.2 14.6 24.2 33.3 0.5 
13:58:8 10.1 12.2 14.6 24.2 33.3 0.5 
13:58:9 10.1 12.2 14.6 24.2 33.3 0.5 
13:58:10 10.1 12.2 14.6 24.2 33.3 0.5 
13:58:11 10.1 12.2 14.6 24.2 33.3 0.5 
13:58:12 10.1 12.2 14.6 24.2 33.3 0.5 
13:58:14 10.1 12.2 14.6 24.2 33.3 0.5 
13:58:15 10.1 12.2 14.6 24.2 33.3 0.5 
13:58:16 10.1 12.2 14.6 24.2 33.3 0.5 
13:58:17 10.1 12.2 14.6 24.2 33.3 0.5 
13:58:18 10.1 12.2 14.6 24.2 33.3 0.5 
13:58:19 10.1 12.2 14.6 24.2 33.3 0.5 
13:58:20 10.1 12.2 14.6 24.2 33.3 0.5 
13:58:21 10.1 12.2 14.6 24.2 33.3 0.5 
13:58:22 10.1 12.2 14.6 24.2 33.3 0.5 
13:58:23 10.1 12.2 14.6 24.2 33.3 0.5 
13:58:24 10.1 12.2 14.6 24.2 33.3 0.5 
13:58:25 10.1 12.2 14.6 24.2 33.3 0.5 
13:58:26 10.1 12.2 14.6 24.2 33.3 0.5 
13:58:27 10.1 12.2 14.6 24.2 33.3 0.5 
13:58:28 10.1 12.2 14.6 24.2 33.3 0.5 
13:58:29 10.1 12.2 14.6 24.2 33.3 0.5 
13:58:31 10.1 12.2 14.6 24.2 33.3 0.5 
13:58:32 10.1 12.2 14.6 24.2 33.3 0.5 
13:58:33 10.1 12.2 14.6 24.2 33.3 0.5 
13:58:34 10.1 12.2 14.6 24.2 33.3 0.5 
13:58:35 10.1 12.2 14.6 24.2 33.3 0.5 
13:58:36 10.1 12.2 14.6 24.2 33.3 0.5 
13:58:37 10.1 12.2 14.6 24.2 33.3 0.5 
13:58:38 10.1 12.2 14.6 24.2 33.3 0.5 
13:58:39 10.1 12.2 14.6 24.2 33.3 0.5 
13:58:40 10.1 12.2 14.6 24.2 33.3 0.5 
13:58:41 10.1 12.2 14.6 24.2 33.3 0.5 
13:58:42 10.1 12.2 14.6 24.2 33.3 0.5 
13:58:43 10.1 12.2 14.6 24.2 33.3 0.5 
13:58:44 10.1 12.2 14.6 24.2 33.3 0.5 
13:58:45 10.1 12.2 14.6 24.2 33.3 0.5 
13:58:47 10.1 12.2 14.6 24.2 33.3 0.5 
13:58:48 10.1 12.2 14.6 24.2 33.3 0.5 
13:58:49 10.1 12.2 14.6 24.2 33.3 0.5 
13:58:50 10.1 12.2 14.6 24.2 33.3 0.5 
13:58:51 10.1 12.2 14.6 24.2 33.3 0.5 
13:58:52 10.1 12.2 14.6 24.2 33.3 0.5 
13:58:53 10.1 12.2 14.6 24.2 33.3 0.5 
13:58:54 10.1 12.2 14.6 24.2 33.3 0.5 
13:58:55 10.1 12.2 14.6 24.2 33.3 0.5 
13:58:56 10.1 12.2 14.6 24.2 33.3 0.5 
13:58:57 10.1 12.2 14.6 24.2 33.3 0.5 
13:58:58 10.1 12.2 14.6 24.2 33.3 0.5 
13:58:59 10.1 12.2 14.6 24.2 33.3 0.5 
13:59:0 10.1 12.2 14.6 24.2 33.3 0.5 
13:59:1 10.1 12.2 14.6 24.2 33.3 0.5 
13:59:3 10.1 12.2 14.6 24.2 33.3 0.5 
13:59:4 10.1 12.2 14.6 24.2 33.3 0.5 
13:59:5 10.1 12.2 14.6 24.2 33.3 0.5 
13:59:6 10.1 12.2 14.6 24.2 33.3 0.5 
13:59:7 10.1 12.2 14.6 24.2 33.3 0.5 
13:59:8 10.1 12.2 14.6 24.2 33.3 0.5 
13:59:9 10.1 12.2 14.6 24.2 33.3 0.5 
13:59:10 10.1 12.2 14.6 24.2 33.3 0.5 
13:59:11 10.1 12.2 14.6 24.2 33.3 0.5 
13:59:12 10.1 12.2 14.6 24.2 33.3 0.5 
13:59:13 10.1 12.2 14.6 24.2 33.3 0.5 
13:59:14 10.1 12.2 14.6 24.2 33.3 0.5 
13:59:15 10.1 12.2 14.6 24.2 33.3 0.5 
13:59:16 10.1 12.2 14.6 24.2 33.3 0.5 
13:59:17 10.1 12.2 14.6 24.2 33.3 0.5 
13:59:19 10.1 12.2 14.6 24.2 33.3 0.5 
13:59:20 10.1 12.2 14.6 24.2 33.3 0.5 
13:59:21 10.1 12.2 14.6 24.2 33.3 0.5 
13:59:22 10.1 12.2 14.6 24.2 33.3 0.5 
13:59:23 10.1 12.2 14.6 24.2 33.3 0.5 
13:59:24 10.1 12.2 14.6 24.2 33.3 0.5 
13:59:25 10.1 12.2 14.6 24.2 33.3 0.5 
