14:12:43 10.1 12.2 14.6 24.2 33.3 0.5 
14:12:43 10.1 12.2 14.6 24.2 33.3 0.5 
14:12:44 10.1 12.2 14.6 24.2 33.3 0.5 
14:12:44 10.1 12.2 14.6 24.2 33.3 0.5 
14:12:45 10.1 12.2 14.6 24.2 33.3 0.5 
14:12:45 10.1 12.2 14.6 24.2 33.3 0.5 
14:12:46 10.1 12.2 14.6 24.2 33.3 0.5 
14:12:47 10.1 12.2 14.6 24.2 33.3 0.5 
14:12:48 10.1 12.2 14.6 24.2 33.3 0.5 
14:12:49 10.1 12.2 14.6 24.2 33.3 0.5 
14:12:50 10.1 12.2 14.6 24.2 33.3 0.5 
14:12:51 10.1 12.2 14.6 24.2 33.3 0.5 
14:12:52 10.1 12.2 14.6 24.2 33.3 0.5 
14:12:53 10.1 12.2 14.6 24.2 33.3 0.5 
14:12:54 10.1 12.2 14.6 24.2 33.3 0.5 
14:12:55 10.1 12.2 14.6 24.2 33.3 0.5 
14:12:56 10.1 12.2 14.6 24.2 33.3 0.5 
14:12:57 10.1 12.2 14.6 24.2 33.3 0.5 
14:12:58 10.1 12.2 14.6 24.2 33.3 0.5 
14:12:59 10.1 12.2 14.6 24.2 33.3 0.5 
14:13:0 10.1 12.2 14.6 24.2 33.3 0.5 
14:13:1 10.1 12.2 14.6 24.2 33.3 0.5 
14:13:2 10.1 12.2 14.6 24.2 33.3 0.5 
14:13:3 10.1 12.2 14.6 24.2 33.3 0.5 
14:13:4 10.1 12.2 14.6 24.2 33.3 0.5 
14:13:5 10.1 12.2 14.6 24.2 33.3 0.5 
14:13:6 10.1 12.2 14.6 24.2 33.3 0.5 
14:13:7 10.1 12.2 14.6 24.2 33.3 0.5 
14:13:8 10.1 12.2 14.6 24.2 33.3 0.5 
14:13:9 10.1 12.2 14.6 24.2 33.3 0.5 
14:13:10 10.1 12.2 14.6 24.2 33.3 0.5 
14:13:11 10.1 12.2 14.6 24.2 33.3 0.5 
14:13:12 10.1 12.2 14.6 24.2 33.3 0.5 
14:13:13 10.1 12.2 14.6 24.2 33.3 0.5 
14:13:14 10.1 12.2 14.6 24.2 33.3 0.5 
14:13:15 10.1 12.2 14.6 24.2 33.3 0.5 
14:13:16 10.1 12.2 14.6 24.2 33.3 0.5 
14:13:17 10.1 12.2 14.6 24.2 33.3 0.5 
14:13:18 10.1 12.2 14.6 24.2 33.3 0.5 
14:13:19 10.1 12.2 14.6 24.2 33.3 0.5 
14:13:20 10.1 12.2 14.6 24.2 33.3 0.5 
14:13:21 10.1 12.2 14.6 24.2 33.3 0.5 
14:13:22 10.1 12.2 14.6 24.2 33.3 0.5 
14:13:23 10.1 12.2 14.6 24.2 33.3 0.5 
14:13:24 10.1 12.2 14.6 24.2 33.3 0.5 
14:13:25 10.1 12.2 14.6 24.2 33.3 0.5 
14:13:26 10.1 12.2 14.6 24.2 33.3 0.5 
14:13:27 10.1 12.2 14.6 24.2 33.3 0.5 
14:13:28 10.1 12.2 14.6 24.2 33.3 0.5 
14:13:29 10.1 12.2 14.6 24.2 33.3 0.5 
14:13:30 10.1 12.2 14.6 24.2 33.3 0.5 
14:13:31 10.1 12.2 14.6 24.2 33.3 0.5 
14:13:32 10.1 12.2 14.6 24.2 33.3 0.5 
14:13:33 10.1 12.2 14.6 24.2 33.3 0.5 
14:13:34 10.1 12.2 14.6 24.2 33.3 0.5 
14:13:35 10.1 12.2 14.6 24.2 33.3 0.5 
14:13:36 10.1 12.2 14.6 24.2 33.3 0.5 
14:13:37 10.1 12.2 14.6 24.2 33.3 0.5 
14:13:38 10.1 12.2 14.6 24.2 33.3 0.5 
14:13:39 10.1 12.2 14.6 24.2 33.3 0.5 
14:13:40 10.1 12.2 14.6 24.2 33.3 0.5 
14:13:41 10.1 12.2 14.6 24.2 33.3 0.5 
14:13:42 10.1 12.2 14.6 24.2 33.3 0.5 
14:13:42 10.1 12.2 14.6 24.2 33.3 0.5 
14:13:43 10.1 12.2 14.6 24.2 33.3 0.5 
14:13:43 10.1 12.2 14.6 24.2 33.3 0.5 
14:13:44 10.1 12.2 14.6 24.2 33.3 0.5 
14:13:44 10.1 12.2 14.6 24.2 33.3 0.5 
14:13:45 10.1 12.2 14.6 24.2 33.3 0.5 
14:13:45 10.1 12.2 14.6 24.2 33.3 0.5 
14:13:46 10.1 12.2 14.6 24.2 33.3 0.5 
14:13:46 10.1 12.2 14.6 24.2 33.3 0.5 
14:13:47 10.1 12.2 14.6 24.2 33.3 0.5 
14:13:48 10.1 12.2 14.6 24.2 33.3 0.5 
14:13:49 10.1 12.2 14.6 24.2 33.3 0.5 
14:13:50 10.1 12.2 14.6 24.2 33.3 0.5 
14:13:51 10.1 12.2 14.6 24.2 33.3 0.5 
14:13:52 10.1 12.2 14.6 24.2 33.3 0.5 
14:13:53 10.1 12.2 14.6 24.2 33.3 0.5 
14:13:54 10.1 12.2 14.6 24.2 33.3 0.5 
14:13:55 10.1 12.2 14.6 24.2 33.3 0.5 
14:13:56 10.1 12.2 14.6 24.2 33.3 0.5 
14:13:57 10.1 12.2 14.6 24.2 33.3 0.5 
14:13:58 10.1 12.2 14.6 24.2 33.3 0.5 
14:13:59 10.1 12.2 14.6 24.2 33.3 0.5 
14:14:0 10.1 12.2 14.6 24.2 33.3 0.5 
14:14:1 10.1 12.2 14.6 24.2 33.3 0.5 
14:14:2 10.1 12.2 14.6 24.2 33.3 0.5 
14:14:3 10.1 12.2 14.6 24.2 33.3 0.5 
14:14:4 10.1 12.2 14.6 24.2 33.3 0.5 
14:14:5 10.1 12.2 14.6 24.2 33.3 0.5 
14:14:6 10.1 12.2 14.6 24.2 33.3 0.5 
14:14:7 10.1 12.2 14.6 24.2 33.3 0.5 
14:14:10 10.1 12.2 14.6 24.2 33.3 0.5 
14:14:13 10.1 12.2 14.6 24.2 33.3 0.5 
14:14:18 10.1 12.2 14.6 24.2 33.3 0.5 
14:14:21 10.1 12.2 14.6 24.2 33.3 0.5 
14:14:27 10.1 12.2 14.6 24.2 33.3 0.5 
14:14:31 10.1 12.2 14.6 24.2 33.3 0.5 
14:14:34 10.1 12.2 14.6 24.2 33.3 0.5 
14:14:39 10.1 12.2 14.6 24.2 33.3 0.5 
14:14:43 10.1 12.2 14.6 24.2 33.3 0.5 
14:14:47 10.1 12.2 14.6 24.2 33.3 0.5 
14:14:51 10.1 12.2 14.6 24.2 33.3 0.5 
14:14:55 10.1 12.2 14.6 24.2 33.3 0.5 
14:14:59 10.1 12.2 14.6 24.2 33.3 0.5 
14:15:3 10.1 12.2 14.6 24.2 33.3 0.5 
14:15:7 10.1 12.2 14.6 24.2 33.3 0.5 
14:15:10 10.1 12.2 14.6 24.2 33.3 0.5 
14:15:17 10.1 12.2 14.6 24.2 33.3 0.5 
14:15:21 10.1 12.2 14.6 24.2 33.3 0.5 
14:15:25 10.1 12.2 14.6 24.2 33.3 0.5 
14:15:29 10.1 12.2 14.6 24.2 33.3 0.5 
14:15:33 10.1 12.2 14.6 24.2 33.3 0.5 
14:15:34 10.1 12.2 14.6 24.2 33.3 0.5 
14:15:34 10.1 12.2 14.6 24.2 33.3 0.5 
